1010
1020
1030
1040
2010
2020
2030
2040
3010
3020
3030
3040
5010
5020
5030
5040
6010
6020
6030
6040
8010
8020
8030
8040
9010
9020
9030
9040
0201
0202
0203
0204
0301
0302
0303
0304
0501
0502
0503
0504
0601
0602
0603
0604
0801
0802
0803
0804
0901
0902
0903
0904
4111
4121
4131
4141
4112
4122
4132
4142
4113
4123
4133
4143
4114
4124
4134
4144
7111
7121
7131
7141
7112
7122
7132
7142
7113
7123
7133
7143
7114
7124
7134
7144
1411
1421
1431
1441
1412
1422
1432
1442
1413
1423
1433
1443
1414
1424
1434
1444
1711
1721
1731
1741
1712
1722
1732
1742
1713
1723
1733
1743
1714
1724
1734
1744
5211
5221
5231
5241
5212
5222
5232
5242
5213
5223
5233
5243
5214
5224
5234
5244
8211
8221
8231
8241
8212
8222
8232
8242
8213
8223
8233
8243
8214
8224
8234
8244
2511
2521
2531
2541
2512
2522
2532
2542
2513
2523
2533
2543
2514
2524
2534
2544
2811
2821
2831
2841
2812
2822
2832
2842
2813
2823
2833
2843
2814
2824
2834
2844
6311
6321
6331
6341
6312
6322
6332
6342
6313
6323
6333
6343
6314
6324
6334
6344
9311
9321
9331
9341
9312
9322
9332
9342
9313
9323
9333
9343
9314
9324
9334
9344
3611
3621
3631
3641
3612
3622
3632
3642
3613
3623
3633
3643
3614
3624
3634
3644
3911
3921
3931
3941
3912
3922
3932
3942
3913
3923
3933
3943
3914
3924
3934
3944
7411
7421
7431
7441
7412
7422
7432
7442
7413
7423
7433
7443
7414
7424
7434
7444
4711
4721
4731
4741
4712
4722
4732
4742
4713
4723
4733
4743
4714
4724
4734
4744
8511
8521
8531
8541
8512
8522
8532
8542
8513
8523
8533
8543
8514
8524
8534
8544
5811
5821
5831
5841
5812
5822
5832
5842
5813
5823
5833
5843
5814
5824
5834
5844
9611
9621
9631
9641
9612
9622
9632
9642
9613
9623
9633
9643
9614
9624
9634
9644
6911
6921
6931
6941
6912
6922
6932
6942
6913
6923
6933
6943
6914
6924
6934
6944
